111111111010002200002000000000
000000000011000222222000000000
000000000000000000000000000000
000000000000000000000000000000
000000000000000000000000000000
000000000000000000000002001110
000000000000000000000001110010
000000000000000000000110000100
000000000000000000011000000000
000000000000000000110000000000
000000000000000000001111100000
000000000000000111110000000000
000000000000000100100000000000
000000000000000100000000000000
000000000000000100000000000000
000000000000000000000000000000
000000010000000000000000000000
000000000000000000000000000000
000000000000000000000000000000
000000000000000000000000000000
000001000000000000000000000000
000000000000000000000000000000
000000000000000000000000000000
000000000000000000000000000000
000000000000000000000000000000
000000000000000000000000000000
000000000000000000000000000000
000000000000000000000000000000
000000000000000000000000000000
000000000000000000000000000000
