222222222222222222222222222222
566666666666666666666666666663
510000000000000000000000000073
510000000000000000000000000073
510000000000000000000000000073
510000000000000000000000000073
510000000000000000000000000073
510000000770000000077000000073
510000000770000000077000000073
510000000000000000000000000073
510000000000000000000000000073
510000000000077700000000000073
510000000000000000000000000073
510000000000000000000000000073
510000000000000000000000000073
510000000007777777000000000073
510000000007000007000000000073
510000000000000000000000000073
510000000000000000000000000073
510000000000000000000000000073
510000000000000000000000000073
510000000000000000000000000073
510000000000000000000000000073
510000000000000000000000000073
510000000000000000000000000073
510000000000000000000000000073
510000000000000000000000000073
510000000000000000000000000073
588888888888888888888888888873
444444444444444444444444444443
